***Output of TestGenerics run: ***

How many countries do you want to add to the list?
3
List of countries: 
Mexico                      0.00   0.00   0.00   0.00   0.00   0.00   0.00   0.00   0.00   0.00   0.00   0.00   0.00   0.00   0.00   0.00   0.00   0.00   0.00   0.00   0.00   0.00   0.00   0.00   0.00   0.00   0.00   0.00   0.00   0.01   0.07   0.18   0.35   0.42   0.61   0.72   1.05   1.76   3.33   7.56  13.55  20.65  24.29  27.85  35.15  42.56  49.41  58.63  65.50  71.46  77.52  79.24  83.35
Euro area                   0.00   0.00   0.00   0.00   0.00   0.00   0.00   0.00   0.00   0.00   0.00   0.00   0.00   0.00   0.00   0.00   0.00   0.00   0.00   0.00   0.00   0.01   0.01   0.02   0.02   0.03   0.06   0.09   0.16   0.26   0.44   0.73   1.05   1.63   2.54   4.16   7.24  12.66  22.08  38.02  59.60  71.98  76.58  82.45  88.87  97.53 105.50 115.50 120.77 119.95 115.99 118.94 120.28
Arab World                  0.00   0.00   0.00   0.00   0.00   0.00   0.00   0.00   0.00   0.00   0.00   0.00   0.00   0.00   0.00   0.00   0.00   0.00   0.00   0.00   0.00   0.00   0.00   0.00   0.00   0.00   0.01   0.02   0.02   0.03   0.04   0.06   0.06   0.08   0.11   0.20   0.36   0.61   0.94   1.49   3.18   5.75   8.53  11.60  16.84  26.79  38.85  52.54  62.92  76.16  87.63  98.79 105.10

What country do you want to search for?
Mexico
Country Mexico found with details:
Mexico                      0.00   0.00   0.00   0.00   0.00   0.00   0.00   0.00   0.00   0.00   0.00   0.00   0.00   0.00   0.00   0.00   0.00   0.00   0.00   0.00   0.00   0.00   0.00   0.00   0.00   0.00   0.00   0.00   0.00   0.01   0.07   0.18   0.35   0.42   0.61   0.72   1.05   1.76   3.33   7.56  13.55  20.65  24.29  27.85  35.15  42.56  49.41  58.63  65.50  71.46  77.52  79.24  83.35

Test Iterator implementation:

List of countries: 
Mongolia                    0.00   0.00   0.00   0.00   0.00   0.00   0.00   0.00   0.00   0.00   0.00   0.00   0.00   0.00   0.00   0.00   0.00   0.00   0.00   0.00   0.00   0.00   0.00   0.00   0.00   0.00   0.00   0.00   0.00   0.00   0.00   0.00   0.00   0.00   0.00   0.00   0.04   0.09   0.38   1.45   6.45   8.06   8.84  12.92  17.17  22.05  30.28  46.03  66.97  84.16  92.54 106.83 120.69
Sri Lanka                   0.00   0.00   0.00   0.00   0.00   0.00   0.00   0.00   0.00   0.00   0.00   0.00   0.00   0.00   0.00   0.00   0.00   0.00   0.00   0.00   0.00   0.00   0.00   0.00   0.00   0.00   0.00   0.00   0.00   0.00   0.01   0.01   0.01   0.08   0.16   0.28   0.39   0.62   0.94   1.37   2.28   3.51   4.84   7.14  11.20  16.85  26.88  39.32  54.19  79.15  83.62  87.55  91.63
Micronesia Fed. Sts.        0.00   0.00   0.00   0.00   0.00   0.00   0.00   0.00   0.00   0.00   0.00   0.00   0.00   0.00   0.00   0.00   0.00   0.00   0.00   0.00   0.00   0.00   0.00   0.00   0.00   0.00   0.00   0.00   0.00   0.00   0.00   0.00   0.00   0.00   0.00   0.00   0.00   0.00   0.00   0.00   0.00   0.00   0.09   5.49  11.99  13.27  17.61  26.11  26.32  26.45  26.56  26.69  30.19
Angola                      0.00   0.00   0.00   0.00   0.00   0.00   0.00   0.00   0.00   0.00   0.00   0.00   0.00   0.00   0.00   0.00   0.00   0.00   0.00   0.00   0.00   0.00   0.00   0.00   0.00   0.00   0.00   0.00   0.00   0.00   0.00   0.00   0.00   0.01   0.02   0.02   0.03   0.06   0.07   0.18   0.19   0.52   0.94   2.27   4.63   9.74  17.84  28.01  36.98  42.85  45.57  47.03  47.07
Costa Rica                  0.00   0.00   0.00   0.00   0.00   0.00   0.00   0.00   0.00   0.00   0.00   0.00   0.00   0.00   0.00   0.00   0.00   0.00   0.00   0.00   0.00   0.00   0.00   0.00   0.00   0.00   0.00   0.00   0.00   0.00   0.00   0.00   0.09   0.14   0.21   0.54   1.30   1.76   2.90   3.60   5.39   8.15  12.27  18.66  21.74  25.49  32.87  33.79  41.62  42.39  66.99  87.66 111.92

Country Names: 
Mongolia
Sri Lanka
Micronesia Fed. Sts.
Angola
Costa Rica