***Output of cloned list:***

List of countries: 
Colombia                    0.00   0.00   0.00   0.00   0.00   0.00   0.00   0.00   0.00   0.00   0.00   0.00   0.00   0.00   0.00   0.00   0.00   0.00   0.00   0.00   0.00   0.00   0.00   0.00   0.00   0.00   0.00   0.00   0.00   0.00   0.00   0.00   0.00   0.00   0.24   0.75   1.40   3.34   4.67   5.01   5.66   8.05  11.15  14.77  24.46  50.60  67.89  76.27  91.61  92.05  95.76  98.13 102.85
Bulgaria                    0.00   0.00   0.00   0.00   0.00   0.00   0.00   0.00   0.00   0.00   0.00   0.00   0.00   0.00   0.00   0.00   0.00   0.00   0.00   0.00   0.00   0.00   0.00   0.00   0.00   0.00   0.00   0.00   0.00   0.00   0.00   0.00   0.00   0.01   0.08   0.25   0.32   0.85   1.56   4.34   9.22  19.53  33.00  44.84  61.07  81.28 108.27 130.86 138.98 140.40 138.04 142.85 148.13
Albania                     0.00   0.00   0.00   0.00   0.00   0.00   0.00   0.00   0.00   0.00   0.00   0.00   0.00   0.00   0.00   0.00   0.00   0.00   0.00   0.00   0.00   0.00   0.00   0.00   0.00   0.00   0.00   0.00   0.00   0.00   0.00   0.00   0.00   0.00   0.00   0.00   0.07   0.10   0.17   0.33   0.90  11.95  26.08  33.96  39.16  47.88  60.07  73.35  58.91  78.18  85.47  98.29 110.69
Congo Dem. Rep.             0.00   0.00   0.00   0.00   0.00   0.00   0.00   0.00   0.00   0.00   0.00   0.00   0.00   0.00   0.00   0.00   0.00   0.00   0.00   0.00   0.00   0.00   0.00   0.00   0.00   0.00   0.00   0.00   0.00   0.00   0.00   0.00   0.00   0.00   0.00   0.02   0.02   0.02   0.02   0.03   0.03   0.31   1.13   2.44   3.79   5.08   7.94  11.53  16.90  15.64  19.01  24.47  30.58



Original list of countries: 
Colombia                    0.00   0.00   0.00   0.00   0.00   0.00   0.00   0.00   0.00   0.00   0.00   0.00   0.00   0.00   0.00   0.00   0.00   0.00   0.00   0.00   0.00   0.00   0.00   0.00   0.00   0.00   0.00   0.00   0.00   0.00   0.00   0.00   0.00   0.00   0.24   0.75   1.40   3.34   4.67   5.01   5.66   8.05  11.15  14.77  24.46  50.60  67.89  76.27  91.61  92.05  95.76  98.13 102.85
Bulgaria                    0.00   0.00   0.00   0.00   0.00   0.00   0.00   0.00   0.00   0.00   0.00   0.00   0.00   0.00   0.00   0.00   0.00   0.00   0.00   0.00   0.00   0.00   0.00   0.00   0.00   0.00   0.00   0.00   0.00   0.00   0.00   0.00   0.00   0.01   0.08   0.25   0.32   0.85   1.56   4.34   9.22  19.53  33.00  44.84  61.07  81.28 108.27 130.86 138.98 140.40 138.04 142.85 148.13
Albania                     0.00   0.00   0.00   0.00   0.00   0.00   0.00   0.00   0.00   0.00   0.00   0.00   0.00   0.00   0.00   0.00   0.00   0.00   0.00   0.00   0.00   0.00   0.00   0.00   0.00   0.00   0.00   0.00   0.00   0.00   0.00   0.00   0.00   0.00   0.00   0.00   0.07   0.10   0.17   0.33   0.90  11.95  26.08  33.96  39.16  47.88  60.07  73.35  58.91  78.18  85.47  98.29 110.69
Congo Dem. Rep.             0.00   0.00   0.00   0.00   0.00   0.00   0.00   0.00   0.00   0.00   0.00   0.00   0.00   0.00   0.00   0.00   0.00   0.00   0.00   0.00   0.00   0.00   0.00   0.00   0.00   0.00   0.00   0.00   0.00   0.00   0.00   0.00   0.00   0.00   0.00   0.02   0.02   0.02   0.02   0.03   0.03   0.31   1.13   2.44   3.79   5.08   7.94  11.53  16.90  15.64  19.01  24.47  30.58



Modified cloned list of countries: 
Colombia: new data         10.00   5.00   2.00    n/a    n/a    n/a    n/a    n/a    n/a    n/a    n/a    n/a    n/a    n/a    n/a    n/a    n/a    n/a    n/a    n/a    n/a    n/a    n/a    n/a    n/a    n/a    n/a    n/a    n/a    n/a    n/a    n/a    n/a    n/a    n/a    n/a    n/a    n/a    n/a    n/a    n/a    n/a    n/a    n/a    n/a    n/a    n/a    n/a    n/a    n/a    n/a    n/a    n/a
Bulgaria                    0.00   0.00   0.00   0.00   0.00   0.00   0.00   0.00   0.00   0.00   0.00   0.00   0.00   0.00   0.00   0.00   0.00   0.00   0.00   0.00   0.00   0.00   0.00   0.00   0.00   0.00   0.00   0.00   0.00   0.00   0.00   0.00   0.00   0.01   0.08   0.25   0.32   0.85   1.56   4.34   9.22  19.53  33.00  44.84  61.07  81.28 108.27 130.86 138.98 140.40 138.04 142.85 148.13
Albania                     0.00   0.00   0.00   0.00   0.00   0.00   0.00   0.00   0.00   0.00   0.00   0.00   0.00   0.00   0.00   0.00   0.00   0.00   0.00   0.00   0.00   0.00   0.00   0.00   0.00   0.00   0.00   0.00   0.00   0.00   0.00   0.00   0.00   0.00   0.00   0.00   0.07   0.10   0.17   0.33   0.90  11.95  26.08  33.96  39.16  47.88  60.07  73.35  58.91  78.18  85.47  98.29 110.69
Congo Dem. Rep.             0.00   0.00   0.00   0.00   0.00   0.00   0.00   0.00   0.00   0.00   0.00   0.00   0.00   0.00   0.00   0.00   0.00   0.00   0.00   0.00   0.00   0.00   0.00   0.00   0.00   0.00   0.00   0.00   0.00   0.00   0.00   0.00   0.00   0.00   0.00   0.02   0.02   0.02   0.02   0.03   0.03   0.31   1.13   2.44   3.79   5.08   7.94  11.53  16.90  15.64  19.01  24.47  30.58
New Country                 3.59    n/a    n/a    n/a    n/a    n/a    n/a    n/a    n/a    n/a    n/a    n/a    n/a    n/a    n/a    n/a    n/a    n/a    n/a    n/a    n/a    n/a    n/a    n/a    n/a    n/a    n/a    n/a    n/a    n/a    n/a    n/a    n/a    n/a    n/a    n/a    n/a    n/a    n/a    n/a    n/a    n/a    n/a    n/a    n/a    n/a    n/a    n/a    n/a    n/a    n/a    n/a    n/a